27
Dining Room
0.25 0.35 0.25 0.15
4 4 3 3
Lounge
0.20 0.0 0.20 0.40
3 5 4 3
Kitchen
0.30 0.25 0.25 0.25
5 3 2 4
Ballroom
0.25 0.25 0.25 0.0
4 5 4 3
Conservatory
0.30 0.0 0.35 0.35
3 2 4 4
Billard Room
0.30 0.25 0.30 0.25
5 4 3 3
Library
0.25 0.25 0.30 0.40
2 4 3 4
Study
0.25 0.25 0.25 0.25
4 5 4 3
Courtyard
0.40 0.30 0.30 0.0
4 3 2 4
Hall
0.25 0.30 0.25 0.30
5 4 3 3
Master Bedroom
0.25 0.25 0.45 0.25
3 4 2 4
Spa
0.30 0.25 0.30 0.25
4 3 5 4
Theater
0.20 0.0 0.20 0.40
4 3 2 4
Bathroom
0.20 0.75 0.0 0.25
5 3 3 4
Guest Bedroom
0.30 0.25 0.30 0.25
4 3 4 2
Garage
0.75 0.20 0.25 0.0
4 5 3 4
Pool
0.60 0.25 0.25 0.25
4 3 2 4
Passage
0.50 0.0 0.25 0.25
5 3 4 3
Pantry
0.25 0.5 0.25 0.0
4 2 3 4
Drawing Room
0.20 0.0 0.20 0.40
3 5 4 4
Music Room
0.15 0.25 0.45 0.15
4 2 4 3
Attic
0.10 0.20 0.30 0.40
3 5 4 3
Wine Cellar
0.40 0.30 0.30 0.0
4 2 3 4
Sewing Room
0.25 0.5 0.25 0.0
4 3 5 4
Nursery
0.25 0.20 0.30 0.40
4 2 3 4
Laboratory
0.25 0.25 0.45 0.25
3 5 4 3
Workshop
0.30 0.25 0.20 0.25
3 4 2 4